CAMERA_MATRIX:
  ROW: 3
  COL: 3
  DATA: [346.25953, 0.0, 317.36334, 0.0, 346.5049, 204.58251, 0.0, 0.0, 1.0]

DISTORTION_COEFFICIENTS:
  DATA: [-0.306874, 0.079655, 0.001706, -0.001353, 0.000000]
