CAMERA_MATRIX:
  ROWS: 3
  COLS: 3
  DATA: [531.147479, 0.0, 341.821131, 0.0, 531.432074, 235.039703, 0.0, 0.0, 1.0]

DISTORTION_COEFFICIENTS:
  DATA: [-0.274391, -0.030799, 0.000895, -0.000215, 0.276816]
